code,A,B,C,D
88,1,0,0,0
108,1,0,0,0
139,1,0,0,0
159,1,0,0,0
265,1,0,0,0
350,1,0,0,0
351,1,0,0,0
403,1,0,0,0
410,1,0,0,0
424,1,0,0,0
428,1,0,0,0
430,1,0,0,0
470,1,0,0,0
476,1,0,0,0
484,1,0,0,0
504,1,0,0,0
506,1,0,0,0
531,1,0,0,0
544,1,0,0,0
546,1,0,0,0
628,1,0,0,0
630,1,0,0,0
680,1,0,0,0
681,1,0,0,0
685,1,0,0,0
687,1,0,0,0
728,1,0,0,0
742,1,0,0,0
763,1,0,0,0
765,1,0,0,0
766,1,0,0,0
768,1,0,0,0
772,1,0,0,0
801,1,0,0,0
853,1,0,0,0
854,1,0,0,0
867,1,0,0,0
868,1,0,0,0
870,1,0,0,0
915,1,0,0,0
932,1,0,0,0
991,1,0,0,0
992,1,0,0,0
997,1,0,0,0
1002,1,0,0,0
1006,1,0,0,0
1061,1,0,0,0
1062,1,0,0,0
1063,1,0,0,0
1066,1,0,0,0
1070,1,0,0,0
1158,1,0,0,0
1166,1,0,0,0
1254,1,0,0,0
1257,1,0,0,0
1313,1,0,0,0
1317,1,0,0,0
1552,1,0,0,0
1612,1,0,0,0
1622,1,0,0,0
1651,1,0,0,0
1652,1,0,0,0
1676,1,0,0,0
1684,1,0,0,0
1739,1,0,0,0
1741,1,0,0,0
1756,1,0,0,0
1757,1,0,0,0
1793,1,0,0,0
1797,1,0,0,0
1820,1,0,0,0
1829,1,0,0,0
1834,1,0,0,0
1835,1,0,0,0
1852,1,0,0,0
1853,1,0,0,0
1872,1,0,0,0
1890,1,0,0,0
1925,1,0,0,0
1942,1,0,0,0
1943,1,0,0,0
1954,1,0,0,0
2016,1,0,0,0
2031,1,0,0,0
2053,1,0,0,0
2057,1,0,0,0
2081,1,0,0,0
2091,1,0,0,0
2106,1,0,0,0
2108,1,0,0,0
2141,1,0,0,0
2159,1,0,0,0
2166,1,0,0,0
2171,1,0,0,0
2191,1,0,0,0
2202,1,0,0,0
2212,1,0,0,0
2239,1,0,0,0
2240,1,0,0,0
2276,1,0,0,0
2278,1,0,0,0
2285,1,0,0,0
2286,1,0,0,0
2317,1,0,0,0
2370,1,0,0,0
2412,1,0,0,0
4779,1,0,0,0
4807,1,0,0,0
4826,1,0,0,0
4840,1,0,0,0
4857,1,0,0,0
4884,1,0,0,0
4900,1,0,0,0
4939,1,0,0,0
4958,1,0,0,0
5023,1,0,0,0
5104,1,0,0,0
5151,1,0,0,0
5165,1,0,0,0
5210,1,0,0,0
5236,1,0,0,0
5249,1,0,0,0
5253,1,0,0,0
5276,1,0,0,0
5279,1,0,0,0
5349,1,0,0,0
5353,1,0,0,0
5395,1,0,0,0
5486,1,0,0,0
5577,1,0,0,0
5644,1,0,0,0
5651,1,0,0,0
5717,1,0,0,0
5718,1,0,0,0
5720,1,0,0,0
5726,1,0,0,0
5741,1,0,0,0
5748,1,0,0,0
5757,1,0,0,0
5768,1,0,0,0
5772,1,0,0,0
5776,1,0,0,0
5779,1,0,0,0
5784,1,0,0,0
5798,1,0,0,0
5800,1,0,0,0
5811,1,0,0,0
5822,1,0,0,0
5830,1,0,0,0
5831,1,0,0,0
5832,1,0,0,0
5836,1,0,0,0
5837,1,0,0,0
5856,1,0,0,0
5860,1,0,0,0
5865,1,0,0,0
5867,1,0,0,0
5874,1,0,0,0
5890,1,0,0,0
5893,1,0,0,0
5907,1,0,0,0
5921,1,0,0,0
5950,1,0,0,0
5984,1,0,0,0
5993,1,0,0,0
6008,1,0,0,0
6009,1,0,0,0
6010,1,0,0,0
6011,1,0,0,0
6012,1,0,0,0
6013,1,0,0,0
6016,1,0,0,0
6017,1,0,0,0
6019,1,0,0,0
6020,1,0,0,0
6021,1,0,0,0
6022,1,0,0,0
6023,1,0,0,0
6024,1,0,0,0
6025,1,0,0,0
6030,1,0,0,0
6034,1,0,0,0
6035,1,0,0,0
6036,1,0,0,0
6038,1,0,0,0
6039,1,0,0,0
6040,1,0,0,0
6041,1,0,0,0
6042,1,0,0,0
6043,1,0,0,0
6046,1,0,0,0
6064,1,0,0,0
6069,1,0,0,0
6070,1,0,0,0
6071,1,0,0,0
6073,1,0,0,0
6074,1,0,0,0
6076,1,0,0,0
6077,1,0,0,0
6085,1,0,0,0
6086,1,0,0,0
6087,1,0,0,0
6088,1,0,0,0
6090,1,0,0,0
6091,1,0,0,0
6092,1,0,0,0
6094,1,0,0,0
6095,1,0,0,0
6097,1,0,0,0
6098,1,0,0,0
6099,1,0,0,0
6100,1,0,0,0
6101,1,0,0,0
6102,1,0,0,0
6104,1,0,0,0
6105,1,0,0,0
6106,1,0,0,0
6107,1,0,0,0
6108,1,0,0,0
6109,1,0,0,0
6111,1,0,0,0
6112,1,0,0,0
6113,1,0,0,0
6114,1,0,0,0
6115,1,0,0,0
6118,1,0,0,0
6119,1,0,0,0
6122,1,0,0,0
6123,1,0,0,0
6124,1,0,0,0
6125,1,0,0,0
6126,1,0,0,0
6128,1,0,0,0
6131,1,0,0,0
6132,1,0,0,0
6133,1,0,0,0
6134,1,0,0,0
6136,1,0,0,0
6137,1,0,0,0
6138,1,0,0,0
6140,1,0,0,0
6141,1,0,0,0
6142,1,0,0,0
6145,1,0,0,0
6148,1,0,0,0
6149,1,0,0,0
6150,1,0,0,0
6151,1,0,0,0
6153,1,0,0,0
6154,1,0,0,0
6163,1,0,0,0
6166,1,0,0,0
6169,1,0,0,0
6172,1,0,0,0
6173,1,0,0,0
6174,1,0,0,0
6177,1,0,0,0
6180,1,0,0,0
6184,1,0,0,0
6188,1,0,0,0
6189,1,0,0,0
6191,1,0,0,0
6192,1,0,0,0
6193,1,0,0,0
6194,1,0,0,0
6195,1,0,0,0
6201,1,0,0,0
6202,1,0,0,0
6203,1,0,0,0
6209,1,0,0,0
6210,1,0,0,0
6214,1,0,0,0
6216,1,0,0,0
6217,1,0,0,0
6218,1,0,0,0
6220,1,0,0,0
6221,1,0,0,0
6231,1,0,0,0
6235,1,0,0,0
6237,1,0,0,0
6238,1,0,0,0
6240,1,0,0,0
6241,1,0,0,0
6242,1,0,0,0
6243,1,0,0,0
6244,1,0,0,0
6252,1,0,0,0
6255,1,0,0,0
6258,1,0,0,0
6268,1,0,0,0
6276,1,0,0,0
6284,1,0,0,0
6296,1,0,0,0
6390,1,0,0,0
6396,1,0,0,0
6413,1,0,0,0
6424,1,0,0,0
6434,1,0,0,0
6445,1,0,0,0
6739,1,0,0,0
6740,0,1,0,0
6744,0,1,0,0
6749,0,1,0,0
6750,0,1,0,0
6805,0,1,0,0
6806,0,1,0,0
6814,0,1,0,0
6830,0,1,0,0
6897,0,1,0,0
6898,0,1,0,0
6900,0,1,0,0
6901,0,1,0,0
6903,0,1,0,0
6904,0,1,0,0
6907,0,1,0,0
6908,0,1,0,0
6911,0,1,0,0
6913,0,1,0,0
6915,0,1,0,0
6917,0,1,0,0
6918,0,1,0,0
6919,0,1,0,0
6920,0,1,0,0
6922,0,1,0,0
6923,0,1,0,0
6924,0,1,0,0
6926,0,1,0,0
6927,0,1,0,0
6929,0,1,0,0
6931,0,1,0,0
6932,0,1,0,0
6933,0,1,0,0
6938,0,1,0,0
6940,0,1,0,0
6943,0,1,0,0
6944,0,1,0,0
6945,0,1,0,0
6951,0,1,0,0
6956,0,1,0,0
6957,0,1,0,0
6958,0,1,0,0
6959,0,1,0,0
6960,0,1,0,0
6961,0,1,0,0
6963,0,1,0,0
6966,0,1,0,0
6967,0,1,0,0
6968,0,1,0,0
6970,0,1,0,0
6971,0,1,0,0
6973,0,1,0,0
6974,0,1,0,0
6975,0,1,0,0
6976,0,1,0,0
6979,0,1,0,0
6981,0,1,0,0
6982,0,1,0,0
6984,0,1,0,0
6986,0,1,0,0
6987,0,1,0,0
6989,0,1,0,0
6990,0,1,0,0
6992,0,1,0,0
6997,0,1,0,0
7000,0,1,0,0
7002,0,1,0,0
7003,0,1,0,0
7008,0,1,0,0
7013,0,1,0,0
7014,0,1,0,0
7025,0,1,0,0
7026,0,1,0,0
7028,0,1,0,0
7031,0,1,0,0
7033,0,1,0,0
7036,0,1,0,0
7058,0,1,0,0
7061,0,1,0,0
7062,0,1,0,0
7064,0,1,0,0
7067,0,1,0,0
7068,0,1,0,0
7071,0,1,0,0
7072,0,1,0,0
7077,0,1,0,0
7081,0,1,0,0
7092,0,1,0,0
7094,0,1,0,0
7096,0,1,0,0
7102,0,1,0,0
7103,0,1,0,0
7106,0,1,0,0
7107,0,1,0,0
7109,0,1,0,0
7111,0,1,0,0
7117,0,1,0,0
7119,0,1,0,0
7120,0,1,0,0
7125,0,1,0,0
7126,0,1,0,0
7127,0,1,0,0
7130,0,1,0,0
7133,0,1,0,0
7143,0,1,0,0
7147,0,1,0,0
7158,0,1,0,0
7160,0,1,0,0
7161,0,1,0,0
7162,0,1,0,0
7163,0,1,0,0
7165,0,1,0,0
7169,0,1,0,0
7177,0,1,0,0
7181,0,1,0,0
7183,0,1,0,0
7186,0,1,0,0
7192,0,1,0,0
7199,0,1,0,0
7202,0,1,0,0
7203,0,1,0,0
7207,0,1,0,0
7208,0,1,0,0
7209,0,1,0,0
7213,0,1,0,0
7217,0,1,0,0
7218,0,1,0,0
7223,0,1,0,0
7231,0,1,0,0
7236,0,1,0,0
7244,0,1,0,0
7248,0,1,0,0
7250,0,1,0,0
7255,0,1,0,0
7258,0,1,0,0
7268,0,1,0,0
7273,0,1,0,0
7276,0,1,0,0
7280,0,1,0,0
7282,0,1,0,0
7287,0,1,0,0
7288,0,1,0,0
7296,0,1,0,0
7298,0,1,0,0
7305,0,1,0,0
7306,0,1,0,0
7307,0,1,0,0
7314,0,1,0,0
7316,0,1,0,0
7319,0,1,0,0
7320,0,1,0,0
7322,0,1,0,0
7323,0,1,0,0
7327,0,1,0,0
7328,0,1,0,0
7332,0,1,0,0
7333,0,1,0,0
7337,0,1,0,0
7342,0,1,0,0
7343,0,1,0,0
7344,0,1,0,0
7346,0,1,0,0
7347,0,1,0,0
7349,0,1,0,0
7350,0,1,0,0
7353,0,1,0,0
7354,0,1,0,0
7356,0,1,0,0
7358,0,1,0,0
7359,0,1,0,0
7372,0,1,0,0
7373,0,1,0,0
7378,0,1,0,0
7382,0,1,0,0
7383,0,1,0,0
7384,0,1,0,0
7387,0,1,0,0
7394,0,1,0,0
7396,0,1,0,0
7404,0,1,0,0
7411,0,1,0,0
7413,0,1,0,0
7416,0,1,0,0
7417,0,1,0,0
7418,0,1,0,0
7419,0,1,0,0
7424,0,1,0,0
7430,0,1,0,0
7460,0,1,0,0
7461,0,1,0,0
7471,0,1,0,0
7475,0,1,0,0
7477,0,1,0,0
7514,0,1,0,0
7515,0,1,0,0
7516,0,1,0,0
7517,0,1,0,0
7520,0,1,0,0
7521,0,1,0,0
7523,0,1,0,0
7525,0,1,0,0
7529,0,1,0,0
7530,0,1,0,0
7566,0,1,0,0
7568,0,1,0,0
7717,0,1,0,0
7757,0,1,0,0
7767,0,1,0,0
7917,0,1,0,0
7947,0,1,0,0
8037,0,1,0,0
8057,0,1,0,0
8077,0,1,0,0
8132,0,1,0,0
8171,0,1,0,0
8214,0,1,0,0
8222,0,1,0,0
8227,0,1,0,0
8230,0,1,0,0
8231,0,1,0,0
8233,0,1,0,0
8234,0,1,0,0
8235,0,1,0,0
8236,0,1,0,0
8237,0,1,0,0
8238,0,1,0,0
8239,0,1,0,0
8240,0,1,0,0
8241,0,1,0,0
8242,0,1,0,0
8243,0,1,0,0
8244,0,1,0,0
8246,0,1,0,0
8247,0,1,0,0
8249,0,1,0,0
8256,0,1,0,0
8259,0,1,0,0
8264,0,1,0,0
8283,0,1,0,0
8284,0,1,0,0
8285,0,1,0,0
8290,0,1,0,0
8297,0,1,0,0
8306,0,1,0,0
8307,0,1,0,0
8311,0,1,0,0
8312,0,1,0,0
8326,0,1,0,0
8334,0,1,0,0
8335,0,1,0,0
8337,0,1,0,0
8343,0,1,0,0
8351,0,1,0,0
8354,0,1,0,0
8357,0,1,0,0
8365,0,1,0,0
8366,0,1,0,0
8369,0,1,0,0
8376,0,1,0,0
8386,0,1,0,0
8419,0,1,0,0
8420,0,1,0,0
8422,0,1,0,0
8424,0,1,0,0
8426,0,1,0,0
8427,0,1,0,0
8483,0,1,0,0
8699,0,1,0,0
9027,0,1,0,0
9057,0,1,0,0
9058,0,1,0,0
9067,0,1,0,0
9069,0,1,0,0
9070,0,1,0,0
9075,0,1,0,0
9078,0,1,0,0
9079,0,1,0,0
9081,0,1,0,0
9084,0,1,0,0
9085,0,1,0,0
9089,0,1,0,0
9091,0,1,0,0
9095,0,1,0,0
9099,0,1,0,0
9100,0,1,0,0
9102,0,1,0,0
9103,0,1,0,0
9104,0,1,0,0
9105,0,1,0,0
9106,0,1,0,0
9111,0,1,0,0
9113,0,1,0,0
9114,0,1,0,0
9121,0,1,0,0
9125,0,1,0,0
9128,0,1,0,0
9130,0,1,0,0
9131,0,1,0,0
9133,0,1,0,0
9134,0,1,0,0
9298,0,1,0,0
9314,0,0,1,0
9321,0,0,1,0
9323,0,0,1,0
9332,0,0,1,0
9336,0,0,1,0
9339,0,0,1,0
9343,0,0,1,0
9352,0,0,1,0
9353,0,0,1,0
9363,0,0,1,0
9369,0,0,1,0
9370,0,0,1,0
9371,0,0,1,0
9380,0,0,1,0
9381,0,0,1,0
9382,0,0,1,0
9383,0,0,1,0
9386,0,0,1,0
9388,0,0,1,0
9390,0,0,1,0
9391,0,0,1,0
9392,0,0,1,0
9394,0,0,1,0
9395,0,0,1,0
9399,0,0,1,0
9402,0,0,1,0
9404,0,0,1,0
9405,0,0,1,0
9407,0,0,1,0
9408,0,0,1,0
9409,0,0,1,0
9412,0,0,1,0
9413,0,0,1,0
9416,0,0,1,0
9421,0,0,1,0
9433,0,0,1,0
9436,0,0,1,0
9437,0,0,1,0
9442,0,0,1,0
9450,0,0,1,0
9451,0,0,1,0
9452,0,0,1,0
9453,0,0,1,0
9454,0,0,1,0
9455,0,0,1,0
9470,0,0,1,0
9471,0,0,1,0
9476,0,0,1,0
9481,0,0,1,0
9503,0,0,1,0
9506,0,0,1,0
9507,0,0,1,0
9508,0,0,1,0
9509,0,0,1,0
9510,0,0,1,0
9511,0,0,1,0
9512,0,0,1,0
9513,0,0,1,0
9514,0,0,1,0
9515,0,0,1,0
9517,0,0,1,0
9518,0,0,1,0
9519,0,0,1,0
9521,0,0,1,0
9522,0,0,1,0
9523,0,0,1,0
9524,0,0,1,0
9525,0,0,1,0
9526,0,0,1,0
9527,0,0,1,0
9528,0,0,1,0
9529,0,0,1,0
9530,0,0,1,0
9531,0,0,1,0
9532,0,0,1,0
9533,0,0,1,0
9534,0,0,1,0
9535,0,0,1,0
9536,0,0,1,0
9537,0,0,1,0
9539,0,0,1,0
9540,0,0,1,0
9541,0,0,1,0
9542,0,0,1,0
9543,0,0,1,0
9544,0,0,1,0
9545,0,0,1,0
9546,0,0,1,0
9547,0,0,1,0
9548,0,0,1,0
9549,0,0,1,0
9550,0,0,1,0
9551,0,0,1,0
9552,0,0,1,0
9553,0,0,1,0
9554,0,0,1,0
9555,0,0,1,0
9556,0,0,1,0
9557,0,0,1,0
9558,0,0,1,0
9559,0,0,1,0
9560,0,0,1,0
9561,0,0,1,0
9562,0,0,1,0
9564,0,0,1,0
9565,0,0,1,0
9567,0,0,1,0
9568,0,0,1,0
9569,0,0,1,0
9571,0,0,1,0
9573,0,0,1,0
9574,0,0,1,0
9576,0,0,1,0
9577,0,0,1,0
9578,0,0,1,0
9579,0,0,1,0
9581,0,0,1,0
9582,0,0,1,0
9583,0,0,1,0
9584,0,0,1,0
9585,0,0,1,0
9586,0,0,1,0
9587,0,0,1,0
9588,0,0,1,0
9589,0,0,1,0
9590,0,0,1,0
9591,0,0,1,0
9593,0,0,1,0
9594,0,0,1,0
9595,0,0,1,0
9596,0,0,1,0
9597,0,0,1,0
9598,0,0,1,0
9599,0,0,1,0
9601,0,0,1,0
9602,0,0,1,0
9606,0,0,1,0
9607,0,0,1,0
9609,0,0,1,0
9610,0,0,1,0
9611,0,0,1,0
9612,0,0,1,0
9613,0,0,1,0
9615,0,0,1,0
9616,0,0,1,0
9617,0,0,1,0
9619,0,0,1,0
9620,0,0,1,0
9621,0,0,1,0
9622,0,0,1,0
9624,0,0,1,0
9625,0,0,1,0
9626,0,0,1,0
9627,0,0,1,0
9628,0,0,1,0
9629,0,0,1,0
9630,0,0,1,0
9631,0,0,1,0
9632,0,0,1,0
9633,0,0,1,0
9634,0,0,1,0
9635,0,0,1,0
9636,0,0,1,0
9637,0,0,1,0
9638,0,0,1,0
9639,0,0,1,0
9640,0,0,1,0
9641,0,0,1,0
9642,0,0,1,0
9643,0,0,1,0
9644,0,0,1,0
9645,0,0,1,0
9646,0,0,1,0
9647,0,0,1,0
9648,0,0,1,0
9649,0,0,1,0
9651,0,0,1,0
9653,0,0,1,0
9655,0,0,1,0
9656,0,0,1,0
9657,0,0,1,0
9658,0,0,1,0
9659,0,0,1,0
9660,0,0,1,0
9663,0,0,1,0
9664,0,0,1,0
9665,0,0,1,0
9666,0,0,1,0
9667,0,0,1,0
9668,0,0,1,0
9669,0,0,1,0
9670,0,0,1,0
9671,0,0,1,0
9672,0,0,1,0
9673,0,0,1,0
9676,0,0,1,0
9677,0,0,1,0
9678,0,0,1,0
9679,0,0,1,0
9680,0,0,1,0
9681,0,0,1,0
9682,0,0,1,0
9683,0,0,1,0
9684,0,0,1,0
9685,0,0,1,0
9686,0,0,1,0
9687,0,0,1,0
9689,0,0,1,0
9690,0,0,1,0
9691,0,0,1,0
9692,0,0,1,0
9693,0,0,1,0
9694,0,0,1,0
9695,0,0,1,0
9696,0,0,1,0
9697,0,0,1,0
9698,0,0,1,0
9699,0,0,1,0
9700,0,0,1,0
9701,0,0,1,0
9703,0,0,1,0
9704,0,0,1,0
9705,0,0,1,0
9706,0,0,1,0
9707,0,0,1,0
9708,0,0,1,0
9709,0,0,1,0
9710,0,0,1,0
9711,0,0,1,0
9712,0,0,1,0
9713,0,0,1,0
9714,0,0,1,0
9716,0,0,1,0
9717,0,0,1,0
9718,0,0,1,0
9719,0,0,1,0
9720,0,0,1,0
9721,0,0,1,0
9722,0,0,1,0
9723,0,0,1,0
9725,0,0,1,0
9726,0,0,1,0
9728,0,0,1,0
9730,0,0,1,0
9731,0,0,1,0
9732,0,0,1,0
9733,0,0,1,0
9735,0,0,1,0
9736,0,0,1,0
9737,0,0,1,0
9738,0,0,1,0
9741,0,0,1,0
9743,0,0,1,0
9744,0,0,1,0
9745,0,0,1,0
9747,0,0,1,0
9748,0,0,1,0
9749,0,0,1,0
9754,0,0,1,0
9755,0,0,1,0
9756,0,0,1,0
9757,0,0,1,0
9758,0,0,1,0
9759,0,0,1,0
9761,0,0,1,0
9762,0,0,1,0
9764,0,0,1,0
9766,0,0,1,0
9768,0,0,1,0
9769,0,0,1,0
9770,0,0,1,0
9771,0,0,1,0
9772,0,0,1,0
9774,0,0,1,0
9775,0,0,1,0
9776,0,0,1,0
9777,0,0,1,0
9778,0,0,1,0
9779,0,0,1,0
9780,0,0,1,0
9781,0,0,1,0
9782,0,0,1,0
9783,0,0,1,0
9784,0,0,1,0
9785,0,0,1,0
9786,0,0,1,0
9787,0,0,1,0
9788,0,0,1,0
9789,0,0,1,0
9790,0,0,1,0
9791,0,0,1,0
9792,0,0,1,0
9793,0,0,1,0
9794,0,0,1,0
9795,0,0,1,0
9796,0,0,1,0
9797,0,0,1,0
9798,0,0,1,0
9799,0,0,1,0
9800,0,0,1,0
9801,0,0,0,1
9802,0,0,0,1
9803,0,0,0,1
9804,0,0,0,1
9805,0,0,0,1
9806,0,0,0,1
9807,0,0,0,1
9808,0,0,0,1
9809,0,0,0,1
9810,0,0,0,1
9812,0,0,0,1
9815,0,0,0,1
9816,0,0,0,1
9822,0,0,0,1
9823,0,0,0,1
9824,0,0,0,1
9825,0,0,0,1
9826,0,0,0,1
9827,0,0,0,1
9828,0,0,0,1
9830,0,0,0,1
9831,0,0,0,1
9832,0,0,0,1
9833,0,0,0,1
9834,0,0,0,1
9835,0,0,0,1
9836,0,0,0,1
9837,0,0,0,1
9839,0,0,0,1
9843,0,0,0,1
9846,0,0,0,1
9849,0,0,0,1
9850,0,0,0,1
9851,0,0,0,1
9852,0,0,0,1
9853,0,0,0,1
9854,0,0,0,1
9855,0,0,0,1
9856,0,0,0,1
9857,0,0,0,1
9858,0,0,0,1
9859,0,0,0,1
9860,0,0,0,1
9861,0,0,0,1
9862,0,0,0,1
9864,0,0,0,1
9867,0,0,0,1
9868,0,0,0,1
9870,0,0,0,1
9877,0,0,0,1
9878,0,0,0,1
9879,0,0,0,1
9880,0,0,0,1
9881,0,0,0,1
9882,0,0,0,1
9883,0,0,0,1
9885,0,0,0,1
9886,0,0,0,1
9887,0,0,0,1
9888,0,0,0,1
9890,0,0,0,1
9891,0,0,0,1
9892,0,0,0,1
9894,0,0,0,1
9895,0,0,0,1
9897,0,0,0,1
9898,0,0,0,1
9899,0,0,0,1
9900,0,0,0,1
9901,0,0,0,1
9902,0,0,0,1
9903,0,0,0,1
9904,0,0,0,1
9905,0,0,0,1
9906,0,0,0,1
9908,0,0,0,1
9910,0,0,0,1
9911,0,0,0,1
9912,0,0,0,1
9917,0,0,0,1
9918,0,0,0,1
9920,0,0,0,1
9925,0,0,0,1
9926,0,0,0,1
9927,0,0,0,1
9933,0,0,0,1
9935,0,0,0,1
9937,0,0,0,1
9945,0,0,0,1
9948,0,0,0,1
9949,0,0,0,1
9950,0,0,0,1
9952,0,0,0,1
9953,0,0,0,1
9955,0,0,0,1
9956,0,0,0,1
9957,0,0,0,1
9958,0,0,0,1
9959,0,0,0,1
9960,0,0,0,1
9962,0,0,0,1
9963,0,0,0,1
9964,0,0,0,1
9965,0,0,0,1
9966,0,0,0,1
9970,0,0,0,1
9975,0,0,0,1
9978,0,0,0,1
9982,0,0,0,1
9984,0,0,0,1
9986,0,0,0,1
9987,0,0,0,1
9988,0,0,0,1
9990,0,0,0,1
9991,0,0,0,1
9993,0,0,0,1
9995,0,0,0,1
9996,0,0,0,1
9997,0,0,0,1
9998,0,0,0,1
9999,0,0,0,1
10001,0,0,0,1
10002,0,0,0,1
10004,0,0,0,1
10005,0,0,0,1
10006,0,0,0,1
10008,0,0,0,1
10009,0,0,0,1
10010,0,0,0,1
10011,0,0,0,1
10012,0,0,0,1
10013,0,0,0,1
10014,0,0,0,1
10015,0,0,0,1
10017,0,0,0,1
10018,0,0,0,1
10020,0,0,0,1
10022,0,0,0,1
10023,0,0,0,1
10027,0,0,0,1
14312,0,0,0,1
14313,0,0,0,1
14314,0,0,0,1
14315,0,0,0,1
14318,0,0,0,1
14319,0,0,0,1
15560,0,0,0,1
15591,0,0,0,1
15592,0,0,0,1
15593,0,0,0,1
